dA    cX  cY  fitness wavelen_pen purcell qxmin   qxmax   qscat   qtot    vmode   vmode_copy  F lat_const
0.173000 0.625000 1.700000 -146115.517946 0.801322 17773.915568 63350.840833 32047.818070 153671.356520 18693.029696 1.051711 1.051711 404817481174811.750000 0.285672

0.173000 0.625000 1.700000 -148956.226963 0.999559 17036.391080 61089.025554 31276.944243 160179.900827 18320.062808 1.075349 1.075349 406784000840008.375000 0.285731

0.181650 0.625000 1.700000 -145637.820900 0.784133 17520.539366 62414.506440 31815.014769 154095.844974 18538.057637 1.058076 1.058076 408672519725197.250000 0.287116

0.181650 0.625000 1.700000 -136666.387293 0.998538 18226.129557 65007.280244 33727.054682 144303.577792 19244.642055 1.055882 1.055882 406546998469984.687500 0.287008

0.173000 0.656250 1.700000 -258378.767062 0.495361 38766.340859 148360.310466 68928.200828 266612.195682 40001.658699 1.031866 1.031866 410052533525335.250000 0.289374

0.173000 0.656250 1.700000 -290206.528184 0.993339 38648.866110 146236.065322 68183.193590 302669.622073 40308.664909 1.042946 1.042946 407027003270032.687500 0.289607

0.173000 0.625000 1.700000 -152980.219479 0.183735 17534.092213 62141.006055 32017.785548 163227.000904 18708.544773 1.066981 1.066981 401493447934479.375000 0.285899

0.173000 0.625000 1.700000 -147131.087208 0.995751 17741.911123 62029.640207 32051.373567 154113.778227 18583.924092 1.047459 1.047459 406438997389973.937500 0.285716

0.164350 0.645833 1.700000 -235846.089621 0.732136 27272.777866 100175.606853 49291.494272 252649.077132 29215.842289 1.071246 1.071246 408933522335223.375000 0.287285

0.164350 0.645833 1.700000 -198385.897330 0.984985 27752.579066 106695.894175 51084.136564 212393.986374 29712.197184 1.070610 1.070610 406207995079950.812500 0.286937

0.167233 0.659722 1.700000 -299660.201713 0.600934 38632.757550 144816.382279 69783.706799 318179.571991 41020.309643 1.061801 1.061801 409554528545285.500000 0.288951

0.167233 0.659722 1.700000 -267197.884752 0.999388 38806.919342 150507.392305 70254.128794 281887.655983 40940.412157 1.054977 1.054977 406799000990009.937500 0.289022

0.163389 0.682870 1.700000 -278056.817930 0.505354 52806.131659 224816.021728 101344.051348 297972.711542 56588.384897 1.071625 1.071625 410004533045330.500000 0.291370

0.163389 0.682870 1.700000 -327151.669026 0.986230 58545.237190 235380.413319 107005.848875 337509.766705 60398.864552 1.031661 1.031661 407171004710047.125000 0.291708

0.158583 0.711806 1.700000 -348064.046423 0.274737 68301.478395 296550.322355 134218.996278 378466.222606 74267.373468 1.087346 1.087346 411246545465454.625000 0.294969

0.158583 0.711806 1.700000 -347529.337558 0.990393 69778.614678 315224.043798 142027.065182 389734.216702 78252.713642 1.121443 1.121443 407093003930039.250000 0.295254

0.168194 0.706019 1.700000 -365350.473005 0.900563 77842.512300 350521.719417 154518.223600 396097.355588 84393.522255 1.084157 1.084157 407994512945129.500000 0.296193

0.168194 0.706019 1.700000 -400549.529423 0.993934 79988.589208 347310.494919 152873.468573 425405.233982 84952.201934 1.062054 1.062054 406387996879968.875000 0.295966

0.170117 0.736111 1.700000 -301155.254254 0.060897 91089.706079 405905.285661 188577.948345 296935.097081 89813.245279 0.985987 0.985987 413391566915669.125000 0.300836

0.170117 0.736111 1.700000 -256363.726886 0.989345 80019.664394 378992.381185 181563.962565 270523.486619 84439.397386 1.055233 1.055233 407114004140041.375000 0.301142

0.165952 0.722994 1.700000 -325582.257936 0.397588 80298.581757 377965.175367 173326.678295 362991.451807 89524.837609 1.114899 1.114899 402858461584615.875000 0.298298

0.165952 0.722994 1.700000 -299890.725799 0.999230 80605.630158 370952.549896 172102.735705 319820.152854 85962.328075 1.066456 1.066456 406588998889988.937500 0.298216

0.155486 0.770962 1.700000 -158099.786281 0.005610 65833.549165 181516.827509 172144.446739 123827.738822 51562.495582 0.783225 0.783225 415806591065910.625000 0.304894

0.155486 0.770962 1.700000 -102411.102582 0.984619 42820.681665 226930.589854 126582.240084 113079.405172 47281.369789 1.104171 1.104171 407198004980049.750000 0.305267

0.168622 0.684928 1.700000 -0.500000 0.955491 0.097605 309070.251078 190872.226230 564728.111509 97604.960650 1000000.000000 0.006073 405846491464914.625000 0.304626

0.163389 0.708912 1.700000 -758509.003939 0.000197 156367.513444 312286.619651 141475.211950 374936.560391 77293.608043 0.494307 0.494307 395016383163831.625000 0.295875

0.163389 0.708912 1.700000 -0.191223 0.960403 0.019398 39598.042245 47467.316507 191223.061798 19398.493143 1000000.000000 0.268036 405895991959919.625000 0.295290

0.167073 0.714506 1.700000 -345948.438831 0.719193 79951.530955 368231.499156 166722.388834 381810.894223 88239.639501 1.103664 1.103664 408996522965229.625000 0.296958

0.167073 0.714506 1.700000 -342241.844253 0.997478 77825.567548 366298.090382 163789.523455 384537.772686 87443.633517 1.123585 1.123585 406901002010020.062500 0.297104

0.170597 0.681134 1.700000 -410286.808887 0.138842 65357.660421 248485.471058 112956.263403 409832.522521 65285.293742 0.998893 0.998893 401079443794437.937500 0.292998

0.170597 0.681134 1.700000 -385766.288331 0.964635 62624.204940 253452.422212 114046.357892 405857.205012 65885.707362 1.052081 1.052081 405940992409924.125000 0.292452

0.173854 0.692194 1.700000 -414091.639430 0.580363 78313.919986 321513.043532 140708.148210 419643.889114 79363.973636 1.013408 1.013408 409650529505295.062500 0.294573

0.173854 0.692194 1.700000 -401135.555932 0.991798 76771.003759 315271.347171 140799.899686 411235.239287 78703.923484 1.025178 1.025178 407063003630036.312500 0.294836

0.179087 0.683835 1.700000 -414813.435235 0.973021 74488.257867 293168.447065 130777.541378 413186.503567 74196.108927 0.996078 0.996078 406038493384933.875000 0.294357

0.178179 0.666152 1.700000 -330908.862311 0.487285 50937.405819 202103.908882 93142.492774 350440.983321 53944.020895 1.059026 1.059026 403308466084660.875000 0.291902

0.178179 0.666152 1.700000 -323307.130127 0.990393 51044.990917 194265.506361 89491.226750 326786.496345 51594.326829 1.010762 1.010762 406306996069960.750000 0.291620

0.169850 0.702418 1.700000 -309262.198642 0.155643 73816.416544 331333.224435 141937.296222 316949.461035 75651.254961 1.024857 1.024857 412155554555545.562500 0.295532

0.169850 0.702418 1.700000 -383381.523440 0.997402 77418.129021 343908.699623 153823.772964 420046.572179 84822.083829 1.095636 1.095636 406904002040020.375000 0.295680

0.175403 0.678241 1.700000 -384454.861963 0.449967 62787.877576 248920.542588 112589.816293 397163.919510 64863.478195 1.033057 1.033057 403125464254642.562500 0.293081

0.175403 0.678241 1.700000 -395993.250924 0.993700 63229.739011 254366.364435 114774.438715 416223.998991 66460.059016 1.051089 1.051089 406381996819968.250000 0.292852

0.177859 0.697595 1.700000 -406344.748995 0.312742 84035.995681 365458.130388 161895.878418 430306.512648 88991.518478 1.058969 1.058969 411012543125431.250000 0.295957

0.177859 0.697595 1.700000 -403081.276683 0.987423 84001.986313 363247.180816 159567.730206 421122.471435 87761.764507 1.044758 1.044758 407150004500045.000000 0.296285

0.174691 0.713392 1.700000 -397471.347750 0.679693 91212.892477 407306.306878 181276.868035 421199.202735 96658.030341 1.059697 1.059697 409185524855248.562500 0.298096

0.174691 0.713392 1.700000 -263131.094408 0.998538 82159.817658 403088.261657 186767.357861 281128.961678 87779.455643 1.068399 1.068399 406853001530015.312500 0.298208

0.175225 0.687028 1.700000 -283105.000006 0.186258 71532.132372 296526.765093 135030.841383 274420.719529 69337.875469 0.969325 0.969325 401514448144481.437500 0.294405

0.175225 0.687028 1.700000 -396885.656359 0.999620 70565.010059 297707.836250 131853.509810 422582.892192 75133.897031 1.064747 1.064747 406778000780007.750000 0.294462

0.174869 0.704604 1.700000 -404508.213948 0.560491 86265.234012 376851.852400 166626.058633 426240.493745 90899.849918 1.053725 1.053725 409743530435304.375000 0.296666

0.174869 0.704604 1.700000 -415079.311760 0.996924 89070.398560 376651.566614 167409.385129 424197.496296 91027.037467 1.021967 1.021967 406922002220022.250000 0.296827

0.174691 0.713392 1.700000 -396123.106232 0.830021 92849.208298 410501.561468 181856.566654 411638.775107 96486.000872 1.039169 1.039169 408426517265172.625000 0.298088

0.174691 0.713392 1.700000 -260620.105697 0.999905 81380.592322 402875.255163 186784.452621 281075.359223 87767.899408 1.078487 1.078487 406739000390003.875000 0.298116

0.186349 0.684671 1.700000 -234027.440387 0.574586 67479.938151 322710.030079 143771.503772 245478.957700 70781.891455 1.048932 1.048932 403722470224702.250000 0.295934

0.186349 0.684671 1.700000 -399960.673859 0.992066 78319.734651 321235.555862 142998.464107 406366.719393 79574.157446 1.016017 1.016017 406342996429964.312500 0.295674

0.172733 0.700682 1.700000 -396320.432700 0.999209 79511.556139 352146.028514 155464.059516 429724.032485 86213.133904 1.084284 1.084284 406812501125011.250000 0.295756

0.176978 0.694219 1.700000 -409340.997036 0.993521 78774.371450 335500.882523 149671.504847 434320.945619 83581.560964 1.061025 1.061025 406377496774967.750000 0.295521

0.176364 0.701100 1.700000 -408461.383988 0.891208 84143.341462 373829.650118 164093.999542 439538.743073 90545.299982 1.076084 1.076084 408057513575135.750000 0.296507
