dA    cX  cY  fitness wavelen_pen purcell qxmin   qxmax   qscat   qtot    vmode   vmode_copy  F lat_constdA    cX  cY  fitness wavelen_pen purcell qxmin   qxmax   qscat   qtot    vmode   vmode_copy  F lat_const
0.173000 0.683000 1.400000 -948044.936734 0.836957 568826.962040 7065172.777865 2748966.767302 2898241.659438 1175987.483585 0.527401 0.527401 408387516875168.750000 0.271120

0.173000 0.683000 1.400000 -949202.406953 0.999986 569521.444172 6952977.583575 2773464.604910 2698787.923831 1142961.849742 0.526758 0.526758 406684999849998.500000 0.271110

0.181650 0.683000 1.400000 -989614.372321 0.737642 593768.623393 7627084.270894 3461485.966979 3002031.258352 1327822.405351 0.505247 0.505247 408906522065220.625000 0.272581

0.181650 0.683000 1.400000 -966969.151260 0.994721 580181.490756 7074268.379833 3394235.772913 2752675.282966 1251161.305586 0.517080 0.517080 406991002910029.062500 0.272776

0.173000 0.717150 1.400000 -972876.958518 0.458440 583726.175111 4437879.130499 2230713.531470 1898397.761988 833069.588207 0.513940 0.513940 410232535325353.250000 0.275146

0.173000 0.717150 1.400000 -1002587.531642 0.996406 601552.518985 4119353.282304 2154384.044960 1420290.227376 708713.306560 0.498710 0.498710 406940002400024.000000 0.275308

0.173000 0.683000 1.470000 -941403.051023 0.406800 564841.830614 5241358.207077 2895633.207456 1687132.951650 885849.939527 0.531122 0.531122 402906462064620.625000 0.272740

0.173000 0.683000 1.470000 -927683.899723 0.996841 556610.339834 5556401.103157 2988738.618569 2045613.586730 996598.807523 0.538977 0.538977 406474997749977.500000 0.272589

0.178767 0.705767 1.330000 -990666.134714 0.900125 594399.680828 5517344.566797 2592816.157983 2092166.340232 957028.368625 0.504711 0.504711 407997512975129.750000 0.273459

0.178767 0.705767 1.330000 -987369.052895 0.998810 592421.431737 5919108.006478 2619114.917085 2234984.199589 1001820.105014 0.506396 0.506396 406838001380013.812500 0.273551

0.182611 0.720944 1.353333 -1009631.576342 0.243591 605778.945805 4885387.030576 2475843.685613 1643850.069313 821744.828556 0.495230 0.495230 411453547535475.375000 0.276749

0.182611 0.720944 1.353333 -0.500000 0.995042 0.300000 5727816.288810 2326750.158834 1705373.622040 839805.167682 1000000.000000 0.473810 406417997179971.812500 0.276557

0.175403 0.692486 1.388333 -1024648.826337 0.140607 614789.295802 6609715.121997 2805111.522100 2640184.126820 1127973.082698 0.487972 0.487972 401097443974439.750000 0.272747

0.175403 0.692486 1.388333 -959426.819695 0.986230 575656.091817 6096835.409588 2718100.120118 2462548.180405 1066090.151512 0.521144 0.521144 406228995289952.875000 0.272431

0.180208 0.711458 1.365000 -995416.041919 0.401032 597249.625152 5862287.698889 2534216.096719 1921450.824414 921131.538763 0.502303 0.502303 410523538235382.375000 0.274992

0.180208 0.711458 1.365000 -0.500000 0.991388 0.300000 5635467.999555 2618744.153812 1917190.607283 925149.377692 1000000.000000 0.479489 407072003720037.250000 0.275244

0.176604 0.697229 1.382500 -1014062.627720 0.618945 608437.576632 5670794.080647 2779032.045749 2058860.456897 978583.465374 0.493066 0.493066 403929472294722.937500 0.273369

0.176604 0.697229 1.382500 -969760.863481 0.987423 581856.518088 6031351.479046 2648009.093223 2449749.539270 1050809.229656 0.515591 0.515591 406249995499955.000000 0.273067

0.170597 0.730431 1.341667 -994204.987135 0.550907 596522.992281 4320447.986702 1795645.436040 2074543.589687 787157.349814 0.502914 0.502914 409788530885308.875000 0.275140

0.170597 0.730431 1.341667 -979357.077395 0.997247 587614.246437 4588989.489980 1805361.927462 1857098.922974 763188.238015 0.510539 0.510539 406910002100021.000000 0.275282

0.171638 0.738336 1.331944 -990611.583378 0.880100 594366.950027 4278844.687409 1679506.497806 1638997.087047 694806.247851 0.504739 0.504739 408129514295143.000000 0.276250

0.171638 0.738336 1.331944 -1025285.197981 0.997325 615171.118789 3306635.381993 1613256.487928 1226932.702032 575596.853110 0.487669 0.487669 406907002070020.750000 0.276390

0.169156 0.758889 1.306667 -0.500000 0.670171 0.300000 2665770.902810 1233723.015297 1279330.175935 508300.609796 1000000.000000 0.468248 409230525305253.062500 0.278110

0.169156 0.758889 1.306667 -1015264.717517 0.997325 609158.830510 2483536.781011 1265874.853113 1147259.075011 484434.681587 0.492482 0.492482 406907002070020.750000 0.278252

0.178340 0.710404 1.366296 -0.500000 0.229117 0.300000 5258327.027808 2439385.342137 2069090.616146 923004.788335 1000000.000000 0.465076 401844451444514.437500 0.274930

0.178340 0.710404 1.366296 -0.500000 0.979052 0.300000 5978995.268526 2506845.921518 2240150.381597 987597.330387 1000000.000000 0.479986 406117994179941.750000 0.274536

0.172533 0.725424 1.347824 -1019590.755027 0.953326 611754.453016 4651440.028030 1999486.994388 1979593.681536 819491.011413 0.490393 0.490393 407574508745087.500000 0.275127

0.166014 0.748173 1.389846 -999495.671426 0.382826 599697.402856 2539261.362850 1367233.186914 821186.032282 426808.653297 0.500252 0.500252 410619539195392.000000 0.277778

0.166014 0.748173 1.389846 -1018602.085701 0.992459 611161.251421 2640552.445285 1329744.503052 1016556.176978 472937.060744 0.490869 0.490869 407048003480034.875000 0.278016

0.167124 0.757472 1.313076 -1014970.854149 0.990755 608982.512489 2530507.414091 1242933.487899 1099642.564387 474133.111661 0.492625 0.492625 406314496144961.437500 0.277752

0.168593 0.747391 1.334807 -1037712.358576 0.944873 622627.415145 3125213.866714 1464895.891403 1384163.676540 579683.804869 0.481829 0.481829 405747490474904.750000 0.277102

0.175828 0.725928 1.286538 -0.500000 0.463308 0.300000 4472331.517972 1894359.175546 1190982.898246 628487.067526 1000000.000000 0.467944 403191464914649.125000 0.274711

0.175828 0.725928 1.286538 -0.500000 0.993460 0.300000 4886260.085450 1802766.274095 1799489.777999 760414.839365 1000000.000000 0.472629 406375996759967.625000 0.274492

0.168468 0.742612 1.364019 -1032956.714677 0.460872 619774.028806 3588510.216175 1564575.340534 1399456.505075 612601.948443 0.484047 0.484047 410220535205352.062500 0.276869

0.168468 0.742612 1.364019 -984876.128563 0.962406 590925.677138 3319765.295808 1518363.255513 1215955.841667 561095.335413 0.507678 0.507678 407483007830078.312500 0.277402

0.170116 0.742864 1.333376 -1013164.617708 0.956101 607898.770625 3496402.535707 1458483.118501 1240494.298442 562498.541058 0.493503 0.493503 405852491524915.250000 0.276824

0.170563 0.736408 1.341316 -1030347.985972 0.929881 618208.791583 3394208.300023 1654053.312903 1172940.447932 570856.686897 0.485273 0.485273 405621489214892.125000 0.276089

0.170563 0.736408 1.341316 -1028124.102724 0.999676 616874.461634 3284588.080082 1690877.491408 1207784.345186 580105.807214 0.486323 0.486323 406627999279992.750000 0.276041

0.167303 0.747782 1.362326 -1026774.401234 0.772444 616064.640740 2726453.238260 1370150.797302 962190.908716 468182.692898 0.486962 0.486962 408732520325203.250000 0.277420

0.167303 0.747782 1.362326 -994105.017830 0.993818 596463.010698 2571826.204501 1470817.366444 1033234.063081 491024.624232 0.502965 0.502965 407015003150031.500000 0.277635

0.172211 0.736659 1.310673 -1023378.887201 0.689175 614027.332321 3842053.671186 1605081.763134 1557231.027920 655538.179752 0.488578 0.488578 404259475594755.937500 0.275969

0.172211 0.736659 1.310673 -1007223.823812 0.988563 604334.294287 4453212.563093 1655966.760389 1501891.499134 669227.173304 0.496414 0.496414 406270995709957.125000 0.275678

0.170984 0.739440 1.323586 -1024313.645448 0.961696 614588.187269 4164414.231955 1570435.190485 1550781.857153 657145.936752 0.488132 0.488132 407490507905079.062500 0.276214

0.169977 0.739296 1.333097 -1034994.993772 0.999949 620996.996263 3228648.362836 1596960.315554 1114581.639216 545519.691936 0.483094 0.483094 406671499714997.125000 0.276194

0.168438 0.742623 1.349227 -1030491.105451 0.967462 618294.663271 3555642.690608 1465142.389430 1333805.338277 583599.039917 0.485206 0.485206 407427507275072.750000 0.276688

0.167443 0.749799 1.336772 -1035614.254721 0.941104 621368.552833 2920256.532394 1342515.667311 1062336.497091 492944.179530 0.482805 0.482805 407685509855098.562500 0.277359

0.168904 0.748368 1.320557 -1018396.845950 0.987003 611038.107570 3366475.551953 1380450.887840 1355801.905880 568498.872856 0.490968 0.490968 406242495424954.250000 0.277047

0.168554 0.744059 1.342059 -997324.456518 0.998206 598394.673911 3255342.545793 1443357.090618 1267525.709062 558985.487351 0.501341 0.501341 406530498304983.062500 0.276931

0.168018 0.748595 1.335789 -999740.730081 0.993031 599844.438049 2952629.712553 1371656.235304 1292961.637806 543140.293560 0.500130 0.500130 407034503345033.437500 0.277159

0.169285 0.743344 1.333952 -1014887.675341 0.971306 608932.605205 3493129.296279 1458149.507710 1326950.488155 579480.161706 0.492665 0.492665 406017493174931.750000 0.276694

0.168515 0.745007 1.342017 -1030753.775252 0.984527 618452.265151 3103050.948773 1413984.793154 1109509.900107 517924.454382 0.485082 0.485082 407199504995049.937500 0.277034

0.169578 0.741900 1.338061 -995211.293311 0.974451 597126.775986 3721025.295531 1525074.618344 1256030.840248 581190.056931 0.502406 0.502406 406056493564935.625000 0.276596

0.168408 0.746921 1.336357 -1028831.458580 0.962265 617298.875148 3325629.985720 1423251.539881 1143714.984445 532579.171705 0.485988 0.485988 407484507845078.500000 0.277129

0.167725 0.749536 1.341502 -1008744.305445 0.991730 605246.583267 2921202.076542 1390292.685998 1110885.539899 509741.001515 0.495666 0.495666 407064503645036.437500 0.277377

0.168895 0.744892 1.335840 -1013094.987453 0.983210 607856.992472 3296343.028060 1441515.226117 1241610.949589 554789.254731 0.493537 0.493537 406179494794947.937500 0.277022

0.168554 0.746199 1.338412 -997737.329186 0.997663 598642.397511 3098166.224390 1404744.088961 1284744.007300 551568.879338 0.501134 0.501134 406893501935019.375000 0.277154

0.168500 0.747156 1.335582 -1017772.666955 0.999689 610663.600173 3224223.577629 1396303.734223 1306350.658786 558091.773797 0.491269 0.491269 406629499294992.937500 0.277106

0.168939 0.745368 1.334380 -999667.162508 0.999543 599800.297505 3257930.736642 1446897.780726 1357360.966697 576435.048880 0.500166 0.500166 406614499144991.437500 0.277048

0.168800 0.747078 1.331434 -1001406.866573 0.999575 600844.119944 3144225.914190 1389770.657823 1370312.675523 565819.861231 0.499298 0.499298 406617499174991.750000 0.276992

0.168323 0.749049 1.333503 -1000495.896331 0.995403 600297.537799 2983232.233900 1379567.468271 1333849.194273 552552.828352 0.499752 0.499752 406971502715027.125000 0.277177

0.168477 0.748129 1.333722 -1016436.955057 0.999989 609862.173034 3158415.951614 1375770.799570 1079711.953650 507703.740642 0.491914 0.491914 406713500135001.375000 0.277186

0.168246 0.748040 1.337974 -1020880.139603 0.999511 612528.083762 3088558.908134 1373808.324710 1136391.426784 517690.076431 0.489773 0.489773 406788500885008.875000 0.277246

0.168416 0.746930 1.338520 -1019347.924859 0.997516 611608.754916 3088250.810101 1417930.352283 1215458.992975 540016.398879 0.490510 0.490510 406500498004980.062500 0.277110

0.168336 0.747751 1.338618 -1016651.396092 0.999167 609990.837655 3131281.854998 1373883.019929 1213030.710020 534301.209964 0.491811 0.491811 406815501155011.562500 0.277189

0.168459 0.747305 1.336341 -1018889.201102 0.999715 611333.520661 3184953.347988 1395032.925359 1317394.589033 558696.886000 0.490730 0.490730 406632499324993.250000 0.277143

0.168377 0.747602 1.337859 -1009860.454603 0.999897 605916.272762 3153759.023741 1369174.234677 1213577.902180 534342.486561 0.495118 0.495118 406740500405004.062500 0.277170

0.168439 0.747379 1.336721 -1017626.767292 0.999912 610576.060375 3196063.500450 1391506.009785 1281034.711393 551830.787909 0.491339 0.491339 406662499624996.250000 0.277145

0.168419 0.747716 1.336390 -1013600.629893 0.999968 608160.377936 3114400.548360 1397883.698805 1199205.481156 534661.683791 0.493291 0.493291 406722500225002.250000 0.277160

0.168504 0.747161 1.336664 -1018740.874558 0.999828 611244.524735 3188936.027849 1408045.883449 1272060.546077 552512.303477 0.490802 0.490802 406647499474994.750000 0.277124

0.168526 0.747348 1.335574 -1018174.534735 0.999949 610904.720841 3218989.402412 1399666.589503 1219496.506667 541969.313128 0.491075 0.491075 406671499714997.125000 0.277105

0.168662 0.746884 1.334973 -996036.213384 0.997590 597621.728030 3179159.572878 1396298.913606 1352829.677415 564997.632287 0.501990 0.501990 406896501965019.625000 0.277239

0.168480 0.747508 1.336036 -1016900.942739 0.998391 610140.565644 3229814.515857 1408486.387647 1223592.797838 544406.512859 0.491690 0.491690 406539498394983.937500 0.277130

0.168602 0.747092 1.335327 -1019244.805934 0.999634 611546.883560 3261890.212684 1412603.221878 1276024.848796 556121.756120 0.490559 0.490559 406623499234992.375000 0.277077

0.168606 0.747081 1.335624 -996776.438409 1.000000 598065.863045 3105195.970698 1414408.873153 1346192.375467 564370.430019 0.501617 0.501617 406701500015000.125000 0.277078

0.168546 0.747281 1.335587 -996295.802751 0.999999 597777.481651 3100701.615058 1394384.958172 1335742.809593 559185.028273 0.501859 0.501859 406704500045000.437500 0.277081

0.168597 0.747242 1.335067 -994732.941720 0.997516 596839.765032 3189942.087531 1414070.501502 1341213.335171 566168.966885 0.502647 0.502647 406899501995019.937500 0.277217

0.168548 0.747276 1.335735 -1017187.074057 0.998011 610312.244434 3233459.384346 1404688.433409 1224152.498835 544051.992884 0.491552 0.491552 406521498214982.125000 0.277096

0.168559 0.747370 1.335191 -997226.536662 1.000000 598335.921997 3146405.690664 1394963.921131 1353622.622162 563874.036179 0.501391 0.501391 406698499984999.875000 0.277095

0.168536 0.747450 1.335422 -996827.247201 0.999996 598096.348321 3174706.773371 1400720.927294 1367955.315329 568205.762086 0.501591 0.501591 406707500075000.750000 0.277100

0.168552 0.747398 1.335333 -997034.023226 0.999996 598220.413935 3152252.833918 1402103.432669 1369431.943081 567963.226264 0.501487 0.501487 406692499924999.250000 0.277095

0.168582 0.747294 1.335156 -997642.423021 0.999993 598585.453813 3133121.284567 1392903.031728 1322610.392727 557669.694834 0.501182 0.501182 406710500105001.062500 0.277102

0.168589 0.747271 1.335275 -996157.826048 0.999976 597694.695629 3171689.763579 1417075.256515 1337649.994776 565435.636732 0.501928 0.501928 406680499804998.062500 0.277089

0.168567 0.747345 1.335212 -996789.070030 0.998936 598073.442018 3145398.054787 1388379.604762 1319240.946329 556730.709005 0.501611 0.501611 406830501305013.062500 0.277177

0.168571 0.747334 1.335271 -1018734.186828 0.999575 611240.512097 3213830.278327 1404516.463822 1255706.919694 549599.069267 0.490805 0.490805 406617499174991.750000 0.277121

0.168587 0.747343 1.334981 -1018404.819072 0.999882 611042.891443 3286694.914650 1409969.069220 1262070.265859 553758.502543 0.490964 0.490964 406656499564995.625000 0.277092

0.168576 0.747381 1.334999 -997271.460976 1.000000 598362.876585 3135088.964102 1393917.505454 1346622.999646 562122.672008 0.501368 0.501368 406701500015000.125000 0.277093

0.168591 0.747331 1.335041 -997778.937602 1.000000 598667.362561 3191238.851126 1385280.948802 1320657.744755 557901.341841 0.501113 0.501113 406698499984999.875000 0.277092

0.168587 0.747344 1.335030 -997384.737713 0.999912 598430.842628 3167309.793081 1393604.306778 1316428.113426 557749.229328 0.501311 0.501311 406737500375003.750000 0.277117

0.168582 0.747363 1.335039 -1018479.330494 0.999938 611087.598297 3285264.532860 1415968.085918 1263902.086497 554994.201371 0.490928 0.490928 406668499684996.875000 0.277096

0.168590 0.747367 1.334894 -997487.252145 0.999989 598492.351287 3202436.926235 1382647.342655 1334257.736603 560226.347106 0.501260 0.501260 406713500135001.375000 0.277105

0.168584 0.747386 1.334903 -993288.458877 0.982039 595973.075326 3172418.515532 1388151.703201 1348021.104120 562610.873847 0.503378 0.503378 407238505385053.875000 0.277472

0.168592 0.747361 1.334924 -1038748.788731 0.987172 623249.273239 3027195.521879 1410338.326474 1250557.592377 543764.393759 0.481348 0.481348 406245495454954.562500 0.277162

0.168596 0.747349 1.334935 -1016759.629965 0.999167 610055.777979 3286458.064262 1411655.135804 1284497.598345 558290.635080 0.491758 0.491758 406815501155011.562500 0.277240

0.168587 0.747376 1.334953 -1017295.101776 0.997805 610377.061066 3267913.974743 1408689.335220 1260337.678583 552692.764621 0.491499 0.491499 406512498124981.250000 0.277113

0.168588 0.747374 1.334938 -1018424.950184 0.999976 611054.970110 3284588.816446 1408285.998737 1261791.213777 553385.273266 0.490954 0.490954 406680499804998.062500 0.277099

0.168589 0.747369 1.334909 -997675.441906 0.999996 598605.265143 3172727.868171 1382860.914773 1330691.516696 558717.373572 0.501165 0.501165 406707500075000.750000 0.277104

0.168588 0.747373 1.334931 -997596.245070 0.999989 598557.747042 3172057.077337 1384243.233642 1332056.466052 559162.728043 0.501205 0.501205 406713500135001.375000 0.277114

0.168592 0.747376 1.334866 -1018499.055710 0.999959 611099.433426 3281173.880781 1415102.768656 1251403.511357 552323.178525 0.490918 0.490918 406674499744997.437500 0.277096

0.168587 0.747362 1.334982 -997149.724100 0.999634 598289.834460 3175996.669778 1382805.813983 1326851.799254 558131.393307 0.501429 0.501429 406776500765007.625000 0.277148

0.168590 0.747368 1.334931 -1015302.819155 0.992780 609181.691493 3281962.689530 1414673.589976 1268153.836633 555518.387810 0.492464 0.492464 407040503405034.062500 0.277380

0.168596 0.747375 1.334832 -1012429.901782 0.993876 607457.941069 3210424.172275 1410716.599428 1213530.333892 542185.576463 0.493861 0.493861 406386496864968.625000 0.277167

0.168594 0.747372 1.334870 -1018140.566769 0.999764 610884.340061 3287498.146971 1407017.573293 1280501.730707 556839.458444 0.491091 0.491091 406638499384993.875000 0.277125

0.168595 0.747372 1.334842 -1018147.135060 0.999976 610888.281036 3280629.806772 1411931.787265 1252638.316002 552064.037069 0.491088 0.491088 406680499804998.062500 0.277111

0.168593 0.747368 1.334885 -1018269.381287 0.999996 610961.628772 3282115.247613 1417028.592799 1250094.579111 552387.582707 0.491029 0.491029 406707500075000.750000 0.277117

0.168589 0.747365 1.334941 -1018239.621346 0.999993 610943.772807 3284852.375159 1407823.763335 1260175.598968 553010.457680 0.491044 0.491044 406689499894998.937500 0.277109

0.168591 0.747367 1.334916 -997988.863241 0.999996 598793.317945 3206759.810517 1369445.250378 1272668.009214 547101.373896 0.501008 0.501008 406692499924999.250000 0.277104

0.168592 0.747369 1.334895 -997904.076743 1.000000 598742.446046 3185937.017036 1369189.213148 1303316.139630 552024.989485 0.501050 0.501050 406698499984999.875000 0.277103

0.168592 0.747365 1.334904 -997851.087693 0.999996 598710.652616 3187572.310843 1370180.470040 1303275.742962 552227.900289 0.501077 0.501077 406707500075000.750000 0.277108

0.168594 0.747367 1.334883 -997580.842727 0.999926 598548.505636 3199790.984022 1370871.873487 1303996.176328 552835.420505 0.501213 0.501213 406734500345003.437500 0.277132

0.168591 0.747363 1.334933 -1017939.778508 0.999949 610763.867105 3272720.032390 1409183.482317 1261264.650829 553084.483992 0.491188 0.491188 406671499714997.125000 0.277112

0.168591 0.747364 1.334930 -1018440.666718 0.999959 611064.400031 3285526.196891 1407726.920815 1265075.787114 553956.230783 0.490947 0.490947 406674499744997.437500 0.277095

0.168590 0.747357 1.334963 -997584.876106 0.999976 598550.925664 3172544.312497 1383082.224712 1329756.536631 558582.890004 0.501210 0.501210 406719500195001.937500 0.277108

0.168592 0.747366 1.334912 -997842.773870 1.000000 598705.664322 3194742.231172 1370082.928018 1308022.044219 553277.823033 0.501081 0.501081 406701500015000.125000 0.277109

0.168591 0.747363 1.334927 -998097.661708 0.999968 598858.597025 3205901.417681 1370174.327540 1275604.454061 547734.826666 0.500953 0.500953 406677499774997.750000 0.277094

0.168591 0.747362 1.334928 -995656.475920 0.995604 597393.885552 3202627.692632 1383754.643904 1339098.706638 561266.124026 0.502181 0.502181 406965502655026.562500 0.277275

0.168592 0.747365 1.334909 -1016976.942564 0.999926 610186.165538 3260344.932155 1406736.856736 1261387.546238 552376.694654 0.491653 0.491653 406665499654996.562500 0.277251

0.168592 0.747364 1.334912 -1017325.330607 0.997516 610395.198364 3263793.837704 1406757.846617 1265802.793751 553324.191357 0.491485 0.491485 406500498004980.062500 0.277115

0.168593 0.747364 1.334903 -1018405.429195 0.999938 611043.257517 3280954.719519 1408993.361418 1259070.325509 552867.178830 0.490964 0.490964 406668499684996.875000 0.277094

0.168593 0.747361 1.334917 -997706.573461 0.999996 598623.944077 3239644.252456 1370010.534943 1309278.974384 554823.057963 0.501149 0.501149 406707500075000.750000 0.277099

0.168592 0.747364 1.334911 -995496.159242 0.992906 597297.695545 3184500.156741 1370152.018415 1305061.321519 552451.220121 0.502262 0.502262 407037503375033.750000 0.277329

0.168592 0.747363 1.334914 -1018810.744608 0.995504 611286.446765 3216200.542240 1399195.160631 1229261.706469 543738.637826 0.490768 0.490768 406431497314973.125000 0.277146

0.168592 0.747363 1.334918 -1018270.655758 0.999865 610962.393455 3277037.313175 1414426.646523 1266103.488106 554945.489053 0.491029 0.491029 406653499534995.375000 0.277114

0.168592 0.747363 1.334917 -1018362.721525 0.999968 611017.632915 3285251.777091 1408122.730550 1267224.153452 554421.327726 0.490984 0.490984 406677499774997.750000 0.277099

0.168592 0.747362 1.334918 -997912.470039 0.999996 598747.482023 3180492.441093 1366807.184406 1310393.755056 552737.145238 0.501046 0.501046 406707500075000.750000 0.277104

0.168592 0.747362 1.334918 -997758.701354 0.999976 598655.220812 3188428.040010 1369682.797161 1304327.575615 552361.434933 0.501123 0.501123 406719500195001.937500 0.277117

0.168592 0.747362 1.334919 -1018008.502204 0.999993 610805.101323 3285175.626201 1408056.704381 1265847.948876 554145.349439 0.491155 0.491155 406710500105001.062500 0.277124

0.168592 0.747362 1.334920 -1018257.414103 0.999926 610954.448462 3282314.277498 1406878.341162 1261477.740581 553042.994146 0.491035 0.491035 406665499654996.562500 0.277101

0.168592 0.747362 1.334921 -993365.411150 0.976071 596019.246690 3185794.351713 1369836.276788 1311384.797157 553568.738595 0.503339 0.503339 407322506225062.250000 0.277525

0.168592 0.747362 1.334921 -0.500000 0.984527 0.300000 3014093.238170 1390948.367672 1234233.523775 537366.265345 1000000.000000 0.477345 406200495004950.062500 0.277184

0.168592 0.747362 1.334921 -1018590.112646 0.999662 611154.067587 3261446.199841 1410442.401703 1286586.938421 557768.009027 0.490875 0.490875 406626499264992.625000 0.277134

0.168592 0.747362 1.334925 -1018166.589935 0.999938 610899.953961 3278894.505471 1412033.116285 1257726.494257 553016.304625 0.491079 0.491079 406668499684996.875000 0.277113

0.168592 0.747362 1.334923 -1018358.828741 0.999983 611015.297245 3281439.727598 1410026.379471 1258036.903070 552840.459189 0.490986 0.490986 406683499834998.375000 0.277101

0.168592 0.747361 1.334925 -993782.960332 0.980211 596269.776199 3183889.534251 1369489.242678 1313131.298945 553765.368958 0.503128 0.503128 407265505655056.562500 0.277487

0.168592 0.747362 1.334922 -1040015.295406 0.985614 624009.177243 3028350.244209 1408445.524170 1244396.187098 542352.879334 0.480762 0.480762 406218495184951.875000 0.277158

0.168592 0.747362 1.334921 -1018164.494553 0.999807 610898.696732 3279471.732767 1413166.931007 1267474.233366 555084.252706 0.491080 0.491080 406644499444994.437500 0.277120

0.168592 0.747362 1.334923 -1018322.592235 0.999938 610993.555341 3283215.423937 1407037.112038 1263521.484517 553485.632769 0.491004 0.491004 406668499684996.875000 0.277099

0.168592 0.747362 1.334923 -997917.092279 0.999996 598750.255367 3178697.552748 1367015.074468 1309691.979116 552592.005561 0.501044 0.501044 406707500075000.750000 0.277104

0.168592 0.747362 1.334921 -997819.971373 0.999993 598691.982824 3187063.365401 1367808.589323 1310536.386565 553124.492416 0.501092 0.501092 406710500105001.062500 0.277111

0.168592 0.747362 1.334922 -1017637.719617 0.999543 610582.631770 3280749.620896 1411604.319502 1257620.336982 552982.730633 0.491334 0.491334 406785500855008.562500 0.277169

0.168592 0.747362 1.334923 -1018050.195485 0.999807 610830.117291 3278235.996845 1411312.389604 1280226.789481 557191.825225 0.491135 0.491135 406644499444994.437500 0.277132

0.168592 0.747362 1.334922 -1018004.454235 1.000000 610802.672541 3279851.612941 1411952.249195 1259377.474530 553350.087950 0.491157 0.491157 406701500015000.125000 0.277133

0.168592 0.747362 1.334922 -1018190.377844 0.999949 610914.226706 3279055.399383 1411856.928330 1259529.188421 553342.064223 0.491067 0.491067 406671499714997.125000 0.277113

0.168592 0.747362 1.334923 -1017040.940463 0.998451 610224.564278 3287075.970823 1408784.654712 1267737.794251 554674.211465 0.491622 0.491622 406857501575015.750000 0.277221

0.168592 0.747362 1.334922 -1017335.402751 0.998142 610401.241651 3279369.670847 1415113.840723 1264921.032420 554890.684678 0.491480 0.491480 406527498274982.750000 0.277103

0.168592 0.747362 1.334922 -997789.782339 0.999983 598673.869403 3184624.890239 1367310.622509 1310458.277887 552955.662857 0.501108 0.501108 406716500165001.625000 0.277114

0.168592 0.747362 1.334922 -1018394.414358 0.999959 611036.648615 3284720.733874 1408141.028105 1265471.385689 554073.287800 0.490969 0.490969 406674499744997.437500 0.277097

0.168592 0.747362 1.334922 -997019.498797 0.998887 598211.699278 3176333.684304 1367067.299141 1310478.790040 552669.042386 0.501495 0.501495 406833501335013.375000 0.277188

0.168592 0.747362 1.334922 -1018648.855353 0.999605 611189.313212 3258844.934195 1410232.640875 1285103.097373 557380.128298 0.490846 0.490846 406620499204992.062500 0.277134

0.168592 0.747362 1.334922 -1018196.561138 0.999926 610917.936683 3279130.927373 1411981.440541 1257569.221367 552984.694904 0.491064 0.491064 406665499654996.562500 0.277110

0.168592 0.747362 1.334922 -1018231.592567 1.000000 610938.955540 3275399.011967 1412479.827165 1255296.968470 552515.104151 0.491047 0.491047 406701500015000.125000 0.277111

0.168592 0.747362 1.334922 -1016735.453088 0.997364 610041.271853 3281752.269592 1412101.368722 1257992.478983 553159.443716 0.491770 0.491770 406905502055020.562500 0.277251

0.168592 0.747362 1.334922 -1017078.096600 0.998142 610246.857960 3262087.154095 1407648.649706 1266292.467277 553506.435405 0.491604 0.491604 406527498274982.750000 0.277134

0.168592 0.747362 1.334922 -1017487.770363 0.999764 610492.662218 3279904.833516 1412318.825481 1257864.535041 553115.553076 0.491406 0.491406 406761500615006.125000 0.277175

0.168592 0.747362 1.334922 -1018602.616885 0.999689 611161.570131 3266559.983232 1410959.285895 1277288.135256 556241.950673 0.490869 0.490869 406629499294992.937500 0.277127

0.168592 0.747362 1.334922 -1018016.332008 0.999999 610809.799205 3276973.713092 1407521.568215 1259908.528231 552688.726987 0.491151 0.491151 406695499954999.562500 0.277124

0.168592 0.747362 1.334922 -1018197.939562 0.999959 610918.763737 3282433.643795 1406913.520279 1261504.609135 553056.983204 0.491064 0.491064 406674499744997.437500 0.277107

0.168592 0.747362 1.334922 -997634.358373 0.999938 598580.615024 3194947.223536 1367809.624558 1307980.958588 552905.530613 0.501186 0.501186 406731500315003.125000 0.277128

0.168592 0.747362 1.334922 -1018273.918175 0.999959 610964.350905 3282824.867493 1410660.191127 1255423.819288 552471.720959 0.491027 0.491027 406674499744997.437500 0.277111

0.168592 0.747362 1.334922 -1018437.889592 0.999968 611062.733755 3277512.113460 1411541.283308 1256543.431828 552672.772404 0.490948 0.490948 406677499774997.750000 0.277096

0.168592 0.747362 1.334922 -997851.344871 0.999993 598710.806923 3241489.358257 1367791.774868 1315651.330634 555652.671658 0.501077 0.501077 406689499894998.937500 0.277089

0.168592 0.747362 1.334922 -997653.722708 0.999968 598592.233625 3232734.233703 1367139.124854 1316201.241091 555385.127336 0.501176 0.501176 406722500225002.250000 0.277104

0.168592 0.747362 1.334922 -997842.167424 0.999996 598705.300454 3186742.568868 1367789.846820 1310627.662294 553128.022086 0.501081 0.501081 406707500075000.750000 0.277109

0.168592 0.747362 1.334922 -997425.028065 0.999807 598455.016839 3199210.663351 1368104.868193 1309499.400632 553352.652449 0.501291 0.501291 406755500555005.562500 0.277147

0.168592 0.747362 1.334922 -1015191.686818 0.991865 609115.012091 3281772.933445 1415634.583561 1267399.308991 555516.162827 0.492518 0.492518 407061503615036.125000 0.277393

0.168592 0.747362 1.334922 -1012204.690839 0.995403 607322.814503 3195857.008051 1410936.881260 1215315.233647 542156.511997 0.493971 0.493971 406428497284972.875000 0.277208

0.168592 0.747362 1.334922 -1016642.799187 0.999786 609985.679512 3289631.420318 1416669.705451 1279113.377850 558142.300627 0.491815 0.491815 406641499414994.125000 0.277168

0.168592 0.747362 1.334922 -1017945.572299 0.999897 610767.343380 3278329.687164 1411109.284296 1281868.503954 557473.593842 0.491185 0.491185 406659499594995.937500 0.277140

0.168592 0.747362 1.334921 -1018405.189916 0.999882 611043.113950 3278213.955371 1414685.855405 1265199.927580 554845.420225 0.490964 0.490964 406656499564995.625000 0.277111

0.168592 0.747362 1.334921 -1018285.041445 1.000000 610971.024867 3277746.717158 1411766.537709 1256604.101271 552725.710669 0.491022 0.491022 406698499984999.875000 0.277110
