dA    cX  cY  fitness wavelen_pen purcell qxmin   qxmax   qscat   qtot    vmode   vmode_copy  F lat_const
0.173000 0.683000 1.550000 -911593.202910 0.991039 546955.921746 4367000.827528 2685304.649889 1370628.907073 751326.418770 0.548490 0.548490 407079503795037.937500 0.274256

0.181650 0.683000 1.550000 -949807.291368 0.747365 569884.374821 5026260.112787 2778467.115335 1330879.695962 763214.010931 0.526423 0.526423 408858521585215.875000 0.275711

0.181650 0.683000 1.550000 -927938.356403 0.992329 556763.013842 4565802.383632 3111512.245589 1138906.419334 704998.888854 0.538829 0.538829 407051003510035.125000 0.275949

0.173000 0.717150 1.550000 -986657.626683 0.440355 591994.576010 2501653.161148 1761329.068509 811867.120741 454707.205038 0.506761 0.506761 410322536225362.250000 0.278407

0.173000 0.717150 1.550000 -927494.851677 0.989650 556496.911006 2552720.203045 1896788.094228 763693.094747 448758.000370 0.539087 0.539087 407108004080040.812500 0.278686

0.173000 0.683000 1.627500 -918458.068058 0.397588 551074.840835 3718065.524310 2496074.511779 896454.960608 560195.485601 0.544391 0.544391 402858461584615.875000 0.276054

0.173000 0.683000 1.627500 -956984.974013 0.995751 574190.984408 3458468.276534 2375601.229924 689111.342153 462698.256948 0.522474 0.522474 406438997389973.937500 0.275877

0.178767 0.705767 1.601667 -950313.565845 0.240134 570188.139507 2630816.450037 1908579.573904 734013.864035 441222.133808 0.526142 0.526142 411477547775477.750000 0.279118

0.178767 0.705767 1.601667 -840570.445482 0.983496 504342.267289 2736343.935342 2080476.036164 776076.199978 468462.270462 0.594834 0.594834 407216005160051.625000 0.279472

0.174442 0.688692 1.562917 -969315.483334 0.170458 581589.290000 4064327.120541 2465522.576308 1059946.830405 626927.698816 0.515828 0.515828 401379446794467.937500 0.275816

0.174442 0.688692 1.562917 -915586.787712 0.962406 549352.072627 4319273.546450 2737499.177168 1545071.994326 803835.026699 0.546098 0.546098 405916992169921.687500 0.275285

0.177325 0.700075 1.588750 -958054.440231 0.385080 574832.664138 3034095.724392 2220705.229890 842643.865904 508482.540279 0.521891 0.521891 410607539075390.750000 0.277930

0.177325 0.700075 1.588750 -940709.385592 0.996841 564425.631355 3250522.754499 2169880.059279 1067439.109882 586400.421060 0.531514 0.531514 406925002250022.500000 0.278083

0.181650 0.660233 1.627500 -935782.626081 0.298764 561469.575649 4164235.387437 3191319.967896 1010075.591769 647871.902136 0.534312 0.534312 402303456034560.375000 0.275077

0.181650 0.660233 1.627500 -922957.000688 0.989650 553774.200413 5396293.398886 3416072.448964 1617633.737722 912214.720222 0.541737 0.541737 406291995919959.250000 0.274801

0.175162 0.702921 1.569375 -981202.252415 0.346583 588721.351449 3232126.852920 2158995.641883 1013196.524296 568327.941487 0.509579 0.509579 410817541175411.750000 0.277583

0.175162 0.702921 1.569375 -949947.080066 0.996039 569968.248040 3002263.000520 2092264.800004 829729.558502 495971.464852 0.526345 0.526345 406952002520025.187500 0.277755

0.168675 0.707664 1.640417 -905168.368213 0.826245 553688.725841 2076112.774720 1721917.065097 490438.937602 322434.272143 0.541821 0.541821 408447517475174.750000 0.278949

0.168675 0.707664 1.640417 -905004.375018 0.995353 543002.625011 2261524.599959 1584890.578575 549688.292532 345739.527085 0.552484 0.552484 406426997269972.687500 0.278762

0.178406 0.689166 1.572604 -929617.916429 0.534996 557770.749857 3075450.338797 2556564.922273 660192.021102 448226.216374 0.537855 0.537855 403536468364683.625000 0.276593

0.178406 0.689166 1.572604 -938625.625759 0.998705 563175.375455 4057119.766899 2788719.500201 1401791.386225 758471.729710 0.532694 0.532694 406555998559985.625000 0.276495

0.171919 0.701498 1.617813 -952156.383610 0.761780 571293.830166 2360602.122786 1758853.631373 507216.968475 337414.274742 0.525124 0.525124 408786520865208.625000 0.277914

0.171919 0.701498 1.617813 -904202.807368 0.999986 542521.684421 2875066.178047 1861973.275279 706614.344683 434767.138770 0.552973 0.552973 406715000150001.500000 0.277924

0.176784 0.692249 1.583906 -928322.501578 0.932861 556993.500947 3795007.635481 2532374.608956 1019081.940419 609880.406228 0.538606 0.538606 405645489454894.562500 0.277203

0.176784 0.692249 1.583906 -924750.416585 0.980107 554850.249951 4065037.058312 2618380.848252 1307011.724293 717864.933970 0.540686 0.540686 406132994329943.312500 0.276817

0.174081 0.692960 1.598438 -950608.062440 0.998623 570364.837464 2904504.835900 2126787.653656 659319.007133 428963.269601 0.525979 0.525979 406551498514985.125000 0.276716

0.175162 0.691538 1.608125 -949742.585104 0.971801 569845.551062 2915524.301851 2147086.991088 682668.411387 439835.205614 0.526458 0.526458 407376506765067.625000 0.277176

0.175703 0.686083 1.600052 -919008.227492 0.898808 551404.936495 4526232.917116 2679205.691061 1329843.372244 742860.653317 0.544065 0.544065 405393486934869.375000 0.276286

0.175703 0.686083 1.600052 -929997.552868 0.999980 557998.531721 3346356.018452 2372716.331203 781662.708257 500096.374207 0.537636 0.537636 406681999819998.250000 0.276274

0.172459 0.692249 1.622656 -916303.324342 0.950474 549781.994605 3565218.412388 2338895.566453 1101655.140298 618901.871768 0.545671 0.545671 407601509015090.125000 0.276886

0.174892 0.687624 1.605703 -907292.669230 0.965045 544375.601538 4265642.520913 2558210.973947 1238919.177612 698087.783759 0.551090 0.551090 405945492454924.562500 0.276372

0.173541 0.687980 1.612969 -909279.245180 0.999968 545567.547108 3958179.437207 2600886.769439 1148461.684479 663193.471700 0.549886 0.549886 406677499774997.750000 0.276357

0.174081 0.687269 1.617813 -907234.455187 0.997943 544340.673112 3992786.189337 2610316.455581 1239269.131806 694215.828252 0.551125 0.551125 406881501815018.125000 0.276480

0.174352 0.684541 1.613776 -900526.622517 0.985968 540315.973510 4304125.548408 2694256.017452 1247235.621701 711607.867796 0.555231 0.555231 406224495244952.437500 0.276157

0.172730 0.687624 1.625078 -897313.085245 0.991319 538387.851147 3711159.579590 2484920.972991 1085993.319545 627864.308815 0.557219 0.557219 407073503735037.375000 0.276411

0.173946 0.685312 1.616602 -896473.580519 0.995703 537884.148312 4242866.270001 2641693.220188 1204524.777076 692310.900810 0.557741 0.557741 406437497374973.750000 0.276232

0.173270 0.685490 1.620234 -904219.991758 0.999865 542531.995055 4111227.578117 2507167.052375 1154103.452563 662881.018610 0.552963 0.552963 406653499534995.375000 0.276201

0.173541 0.685134 1.622656 -898494.540994 0.999865 539096.724597 4082590.975755 2552478.567789 1216236.797867 685435.320687 0.556486 0.556486 406746500465004.625000 0.276232

0.173676 0.683771 1.620638 -903379.680941 0.996540 542027.808565 4078507.111013 2617186.731899 1187145.395463 680441.422205 0.553477 0.553477 406464497644976.437500 0.276072

0.173090 0.683040 1.622925 -928051.179407 0.995703 556830.707644 3447941.386055 2312609.611100 633546.195689 434620.677822 0.538763 0.538763 406437497374973.750000 0.275894

0.172564 0.683916 1.626468 -940815.644890 0.997440 564489.386934 3315645.922611 2320161.999879 625350.319698 428870.088264 0.531454 0.531454 406902502025020.250000 0.276031

0.172499 0.681147 1.631028 -933301.195906 0.999291 559980.717544 3672833.836225 2416945.630494 801645.539383 517210.491002 0.535733 0.535733 406593498934989.375000 0.275959

0.172286 0.682335 1.633739 -934621.572274 0.999575 560772.943365 3551154.269379 2393044.219852 745953.908257 490186.044423 0.534976 0.534976 406617499174991.750000 0.275903

0.172734 0.685021 1.627444 -942471.083473 0.993521 565482.650084 3177989.416479 2337331.404023 628591.555654 428566.373743 0.530520 0.530520 407022503225032.250000 0.276122

0.173247 0.685622 1.620536 -942679.785244 0.998984 565607.871146 3091296.695060 2367728.818059 623961.205042 425804.021362 0.530403 0.530403 406827501275012.750000 0.276209

0.173423 0.685180 1.623851 -895554.154706 0.999926 537332.492823 3949073.399850 2524783.889076 1156060.522074 660369.350187 0.558314 0.558314 406734500345003.437500 0.276232

0.172779 0.684232 1.625814 -900337.604479 0.998678 540202.562687 3960386.824064 2428519.441475 1056335.018115 620754.245707 0.555347 0.555347 406554498544985.437500 0.276133

0.173123 0.684311 1.624018 -892086.115710 0.999662 535251.669426 4117746.390072 2614377.727161 1175852.215798 677599.282896 0.560484 0.560484 406626499264992.625000 0.276083

0.172867 0.684010 1.627472 -937217.374032 0.999993 562330.424419 3337373.623131 2368742.359499 719326.778920 473486.973726 0.533494 0.533494 406710500105001.062500 0.276090

0.172782 0.683458 1.626984 -937367.460083 0.998269 562420.476050 3283938.279628 2331202.360185 627761.078194 429841.609229 0.533409 0.533409 406533498334983.375000 0.275977

0.172643 0.682668 1.630620 -935490.341028 0.999715 561294.204617 3478648.005926 2415161.241297 716917.538626 477012.847400 0.534479 0.534479 406632499324993.250000 0.275932

0.172763 0.683079 1.628969 -934796.212601 0.999983 560877.727560 3413744.989735 2417697.283034 707253.921850 471593.678467 0.534876 0.534876 406716500165001.625000 0.275943

0.172891 0.683229 1.627242 -934180.878263 0.999993 560508.526958 3448444.294557 2398460.003306 689698.252027 463643.517558 0.535228 0.535228 406710500105001.062500 0.275950

0.172934 0.683505 1.627486 -941582.614064 0.999575 564949.568439 3284291.046120 2395853.487912 661923.651836 447905.106676 0.531021 0.531021 406782500825008.250000 0.276006

0.173062 0.683656 1.625759 -934647.736740 0.999032 560788.642044 3296109.445154 2415550.542644 702113.035111 466930.930336 0.534961 0.534961 406824501245012.437500 0.276090

0.173106 0.683545 1.626588 -938722.069171 0.998566 563233.241503 3271172.666403 2413583.179609 667155.740295 450669.104679 0.532639 0.532639 406851501515015.125000 0.276193

0.172964 0.683044 1.628624 -899736.128968 0.995703 539841.677381 3983352.479917 2562679.453971 1112413.151060 649262.966918 0.555718 0.555718 406437497374973.750000 0.276015

0.173037 0.683503 1.626475 -935130.406100 0.999959 561078.243660 3303743.815395 2363767.384969 689753.521895 459657.339348 0.534685 0.534685 406725500255002.562500 0.276032

0.172989 0.683197 1.627907 -937997.040660 1.000000 562798.224396 3351148.120868 2348053.500558 668239.226237 450296.308316 0.533051 0.533051 406698499984999.875000 0.276031

0.173001 0.683274 1.627549 -938281.552562 0.999999 562968.931537 3381878.492887 2330137.744745 681258.450321 456053.638380 0.532889 0.532889 406695499954999.562500 0.276028

0.173025 0.683426 1.626833 -936846.218762 0.999983 562107.731257 3288877.589929 2331908.581491 661618.254525 445566.484484 0.533706 0.533706 406716500165001.625000 0.276039

0.173007 0.683312 1.627370 -938104.270276 0.997364 562862.562166 3395928.476644 2335288.505704 688976.069484 459957.880441 0.532990 0.532990 406905502055020.562500 0.276179

0.172967 0.683253 1.627493 -899495.637898 0.995800 539697.382739 4034714.503942 2533129.753841 1052524.932876 627859.178561 0.555867 0.555867 406440497404974.062500 0.276003

0.173053 0.683272 1.627044 -934632.660473 0.999912 560779.596284 3398195.191571 2334752.859854 717376.802344 472466.476104 0.534970 0.534970 406737500375003.750000 0.276028

0.173000 0.683137 1.627525 -938233.134287 0.999959 562939.880572 3398661.280552 2358924.682731 673808.650934 454079.747892 0.532917 0.532917 406674499744997.437500 0.276011

0.173069 0.683020 1.627219 -936290.353169 0.999976 561774.211901 3436877.160169 2317864.634019 664325.649830 448897.661082 0.534022 0.534022 406719500195001.937500 0.276024

0.172993 0.682832 1.627785 -939366.185320 0.999605 563619.711192 3455518.415163 2335984.142854 668133.223717 451633.493150 0.532274 0.532274 406620499204992.062500 0.275970

0.172927 0.682959 1.627987 -937145.439130 0.999996 562287.263478 3454217.380134 2363488.731581 712548.717531 472585.919198 0.533535 0.533535 406692499924999.250000 0.275965

0.172963 0.682974 1.627795 -938823.878244 0.999999 563294.326947 3460589.585410 2375797.226155 700742.816178 467959.617501 0.532581 0.532581 406695499954999.562500 0.275962

0.172970 0.682734 1.627863 -938978.319209 0.999926 563386.991526 3455581.591084 2360706.603469 662072.132506 449761.967703 0.532494 0.532494 406665499654996.562500 0.275939

0.173013 0.682737 1.627637 -937400.731284 0.999996 562440.438770 3474328.573371 2339011.424801 672484.200146 454054.203745 0.533390 0.533390 406692499924999.250000 0.275933

0.172975 0.682915 1.627756 -936003.782189 0.999996 561602.269313 3492559.026030 2362451.856849 710069.678536 472160.351614 0.534186 0.534186 406707500075000.750000 0.275939

0.172997 0.682916 1.627643 -935502.044750 0.999999 561301.226850 3471272.839841 2350310.959077 694307.494365 464287.381951 0.534472 0.534472 406704500045000.437500 0.275942

0.172985 0.682867 1.627681 -938819.342956 1.000000 563291.605774 3501055.160117 2350392.765666 696904.599703 465982.005915 0.532584 0.532584 406698499984999.875000 0.275941

0.172981 0.682987 1.627648 -935057.077605 0.999926 561034.246563 3450549.349669 2367470.917762 713499.000491 473094.129818 0.534727 0.534727 406734500345003.437500 0.275964

0.173007 0.682868 1.627568 -938757.108581 0.999968 563254.265148 3468901.535588 2337772.218401 664342.194050 450190.530550 0.532619 0.532619 406677499774997.750000 0.275949

0.172998 0.682908 1.627524 -937202.316547 0.999999 562321.389928 3500441.549154 2346195.059684 701470.108344 467841.124692 0.533503 0.533503 406695499954999.562500 0.275946
